0,0953876668565849
0,0480918425824921
0,025519010017402
0,00836845795082322
0,0446170422456307
0,081470642230227
0,00531682907851265
0,0961509212367939
0,0570013526626869
0,0887194530985874
0,0822842487982867
0,0671744252402216
0,0713514158368816
0,0739764750348294
0,0356774135193217
0,0348215447435256
0,00262514227192157
0,0234740084146494
0,00946696349860493
0,0573395720950046
0,0666133384996156
0,0141752974196222
0,043442151622587
0,0142608350674905
0,0101095538167793
0,0677359581309072
0,0442015996408656
0,0573999929043464
0,0690937826731679
0,0515460768488916
0,0185447529975999
0,0046280732865576
0,00129895960041273
0,0602246181854162
0,0601815933641892
0,0853854585836574
0,0201468456630348
0,00929382988684523
0,0812363722739911
0,0115832058766779
0,0966872125382941
0,0313074030593538
0,0195279896350242
0,0347380143286372
0,0473949742724164
0,0131988094715396
0,0216803974572944
0,0587845939950946
0,0266550771550532
0,0438087441696826
0,0203861998023401
0,0250536483363498
0,0155121079718285
0,0249642687500288
0,0802069489286314
0,0812123694369627
0,00464969095990513
0,0112581749499115
0,0982589041340439
0,0768810841147234
0,0372690425893613
0,0479168361741662
0,027057138563626
0,00545527581379529
0,0701747001009875
0,0776561755117291
0,0658754656398089
0,0111267976514654
0,0137948816706403
0,0502919549356643
0,0146746990804908
0,0933313123850763
0,0422376361406584
0,0978837576219271
0,0606523595567105
0,0353059354402618
0,094647307784598
0,00870413729394979
0,0668658607950741
0,0969107443452397
0,0460555606736129
0,0854170056457711
0,0307449157492932
0,0252850385034853
0,0311598770465515
0,0934911046612501
0,0891159653147291
0,0763346908503839
0,0800176692567848
0,0789692239272265
0,0807357676237523
0,00888867071312325
0,0110349257528013
0,00435528815926764
0,0743141632873165
0,0487703763641279
0,00425026449572773
0,0140727138212289
0,0645633142276496
0,0697387987606874
0,0473233438317307
0,0105535998058289
0,0449897123244543
0,0763631222193889
0,0291340450891918
0,0270548874172638
0,0828160121956915
0,0176283503499014
0,0643119091933183
0,0449010134883695
0,0865650616523647
0,0959455536659553
0,0443923141548374
0,0013481597888042
0,0308255234411105
0,0518520369435903
0,017171920424873
0,00177210006014076
0,0742953987672438
0,0766835954397375
0,0885402101969999
0,089540774789425
0,0311091283946806
0,0348256577434138
0,069556187311912
0,00578602836736759
0,082296386632275
0,0378823479813907
0,0235695943346106
0,0118819831925826
0,0310556709445341
0,0805745939633691
0,0441408230663002
0,0971270620343867
0,049587400513509
0,035501960867784
0,0404272933213167
0,0543817935299044
0,0961509934142935
0,00410498962928773
0,0106750924655586
0,0714876149648277
0,0120227816570656
0,0351166557684153
0,0924041622748618
0,0847902139577969
0,0644963565582858
0,00968676596399712
0,0735297647181571
0,0224621263437262
0,0315984559392549
0,00247816443558697
0,0397773150539851
0,0878797187879121
0,0811985885636874
0,0577825690423057
0,0794444714111483
0,0101640545810405
0,00680693490747685
0,0233480167218242
0,0447585007849887
0,0449336642143008
0,0940587560152909
0,0524299260007357
0,0138453425438354
0,00599046768899563
0,0518047305996552
0,0472652521204507
0,0517607592752952
0,0953235625733266
0,0114247436222736
0,0627901268949686
0,00562110664584725
0,0701904091379561
0,0660085029741789
0,0170525952321722
0,0775179931323593
0,0959924726262654
0,042421495468552
0,0847659733541151
0,0412896718090818
0,0726096206682779
0,0643525832632336
0,00110746799088431
0,0802835272533277
0,0285775065089471
0,0407972789093839
0,056261104278388
0,0159392222008242
0,0918370776615781
0,0560574894566357
0,0302632387402762
0,0475748586224275
0,0728029766924693
0,059346488844299
0,0657414282512578
0,0774288589495369
0,0595909430019219
0,0212678704466453
0,0864102518079317
0,0341422507038603
0,0241923651797544
0,0654673724924479
0,0782062021448306
0,0110373827214527
0,0688083290442863
0,0968570577897397
0,0695869059160291
0,0218712158137333
0,0641459933315152
0,0802645759099464
0,083451998784883
0,0677425591124886
0,0220409615533617
0,0820690936428673
0,0722026237673356
0,0806670707920665
0,093080272785905
0,0725095958159062
0,0862355938814598
0,066237266362886
0,0966239976785697
0,0324051081948536
0,0605362346575149
0,039300390473997
0,0811618462463573
0,0162601822137667
0,034503469457076
0,0131244587770892
0,00303084082943142
0,0498821479094364
0,0304084116341181
0,0896147807326492
0,0617522191941877
0,0530081032317971
0,0246415692718509
0,014683613979576
0,086146381118403
0,0900700852694316
0,0114751982090414
0,0317204487192074
0,0712103729933549
0,0343898884646547
0,051782480139184
0,0117014865131303
0,0727667216236262
0,0634302558834564
0,0293951889385333
0,0937683164624775
0,08942091455904
0,0859005883849591
0,0846426345737544
0,0868782203331698
0,0359779840567455
0,0215863116957303
0,0373156469950431
0,0861178047780281
0,0981930738757387
0,0392822339219561
0,0373866249986144
0,0645747806816851
0,0766711060560081
0,0741730808004561
0,0309501263029853
0,0320816487332162
0,0651096090252835
0,00873083938319741
0,0117347582298027
0,0702604715573883
0,0579997775414958
0,0574652661371349
0,0944346998326642
0,00288120275497493
0,0624148415402885
0,05612116345591
0,0978399775849224
0,073544032138105
0,100807716009483
0,057574858432128
0,0738038178694156
0,0222697322974129
0,0945978308263759
0,0476270840644871
0,0281142889121692
0,0197442547919515
0,0577297192102924
0,0311723766332861
0,0386985685016986
0,0377551517156156
0,0263861321627399
0,0445589072097021
0,0297948339485755
0,0638005482090654
0,0721640328313153
0,0747809108215806
0,0767841714570913
0,0124673873709829
0,0127857473738425
0,0272602230903042
0,0492008171273399
0,0638746512885553
0,0507859213979849
0,0552734255116775
0,0379748625222655
0,035954120322518
0,103236181620246
0,11199198201458
0,0614091017618023
0,0946901264288961
0,0343686401801678
0,08386412137826
0,0134996858088551
0,0582680610772157
0,0810008963922116
0,0183419136806816
0,071055748512397
0,0289684603851282
0,0397525415356962
0,0190386945964222
0,0789226334970345
0,038499191118787
0,088856976055377
0,102817079239798
0,0806538426836945
0,0455513693293407
0,0586055420703384
0,0472062648878939
0,0426869953249986
0,0027890631010705
0,0858658664328353
0,081515428415274
0,0483679904827699
0,0522940754202633
0,104586451529301
0,0116990396967052
0,0863534769778544
0,0695944582508897
0,0449537531774653
0,102386270621533
0,0353248414583672
0,0856579561335988
0,0111547067761976
0,0631184390178115
0,013667637446736
0,043880161366999
0,0416092646389315
0,0793804480768092
0,0847853133559911
0,0624746319956166
0,100785216268042
0,0546889216545158
0,10096146194026
0,0418891988797987
0,0888298772696728
0,03997915291365
0,112969610470506
0,0737827915421486
0,099351586913388
0,0129093182798984
0,0889806115482844
0,0434971997251255
0,0389093728451568
0,0239861932694848
0,103645056606628
0,0588077491269197
0,0480803239036942
0,0884835863872347
0,0800301220026545
0,0834576966124626
0,055538703391258
0,0402637708919396
0,0153497511667168
0,0440133241246218
0,0869673056726162
0,100156087672927
0,0376991374023169
0,0322509785834121
0,0776234688574745
0,0209790144957289
0,100438889967961
0,0941023462788633
0,100304334991833
0,12482385943189
0,0302390634086563
0,0583251570007854
0,0241980546692332
0,0420531480814923
0,0944099440213339
0,0818747958549647
0,00892443703903092
0,0940164456116112
0,0350563587784098
0,0964193256555215
0,0136969875883404
0,0965283393197576
0,0550098082861653
0,110404253761458
0,0920412068496907
0,0819911416259057
0,0253522351143914
0,0854547014420135
0,021203623057693
0,0111854964189246
0,0180891155896538
0,0731968981126442
0,0540065410465893
0,0603605349506226
0,0324873766081534
0,0782579401393172
0,112859864676269
0,105118890290581
0,0310077732042407
0,109831056866016
0,0461025965091286
0,0352589960972148
0,08823608690679
0,045165695964231
0,0151675780374406
0,0564404482284749
0,0415775465041294
0,085840471920483
0,059636007835919
0,0684647556713152
0,0698008624940496
0,0680590873829241
0,117680635864933
0,0496309392300257
0,0743643698555517
0,0188355087695499
0,0735386781659219
0,056222870755098
0,0608382687045209
0,0161780148536347
0,0255367137466162
0,0303503778718896
0,0864870898741093
0,0990524166446108
0,117937129025751
0,0778296036019028
0,0402674367737348
0,0928651090129785
0,049874876580856
0,0675503291086146
0,12133012697902
0,0520115568585401
0,1095022985428
0,0538780535303792
0,071521329028309
0,0895453484680249
0,009688422740292
0,0894588919773041
0,0645496528896269
0,00323092066833327
0,0297930954428658
0,0437349367936966
0,0417913112622137
0,0850336812659942
0,0821682565642057
0,0717853097020761
0,0811841352128972
0,0271275842673174
0,11049542596469
0,03689764813752
0,0297849993219415
0,0740806021769176
0,0710649410799895
0,144645798171574
0,112509411358255
0,0469737962526794
0,0830138800626618
0,0264462020397527
0,0896079979490435
0,102413289751469
0,0778447226112938
0,0972260568682661
0,0877725103363934
0,0279321486146984
0,0757726854066237
0,0317546706328889
0,0597878576534744
0,0408712884135876
0,0446961310434603
0,0467039991853312
0,100777753062149
0,0911939065629081
0,105703237397944
0,0897217979476222
0,119511941145072
0,0976360394244622
0,101325424160944
0,0189238991816658
0,0391261852426005
0,0582171755609459
0,116895174997332
0,13278767527366
0,112351902775484
0,135059159801163
0,0601886674840425
0,0701269953419064
0,0174827102423341
0,107944158448393
0,103755309570291
0,0851522717063601
0,0471929902186454
0,0250856254941218
0,0490014866764388
0,0943824435630825
0,0538609421597146
0,046628957310053
0,0563570980245048
0,0908583539029855
0,0725821358489721
0,0131092410595665
0,103787438088688
0,0473677409906369
0,0959137026192225
0,0917303876537811
0,066834607882818
0,0493534085966076
0,0718147163575786
0,0956689078562269
0,0373824270369542
0,127229438755652
0,062664476833101
0,0826362878075824
0,107212787517994
0,0431280268902202
0,109447753448627
0,067474463834091
0,0128446468726504
0,0793451032402276
0,107803092020968
0,0370916929437142
0,0402805314054285
0,0790038736075104
0,0717495872759625
0,08801239597993
0,0157736340145458
0,0861824133369058
0,0393007842075549
0,0901564637618868
0,0969883331083638
0,0406917603875938
0,0329520544422094
0,0139217167021142
0,0620033214649931
0,044310259150543
0,0730624746438713
0,0702093149324508
0,0461678096791494
0,0438216871588285
0,0935424090004918
0,0331633628137544
0,121053124012948
0,0505230278105988
0,0957927066258925
0,101704353229502
0,0462903837224413
0,0906457745967553
0,0309388641082345
0,0135269497109154
0,102199486566262
0,1026233157901
0,0537445418979531
0,0943337054202452
0,104460248709583
0,0487588978599566
0,0841393448338561
0,0293453476528383
0,0681135163959644
0,0843259749395428
0,0374610273807594
0,0452131024306701
0,095396209807479
0,0742720864723969
0,0966968684063257
0,09843658145337
0,100623703769413
0,0536342858615582
0,0494943461483603
0,101849193909657
0,116359786134453
0,0702525855915627
0,0536077366716686
0,10594632643107
0,022549668013818
0,100363979249862
0,0361065851138228
0,00718142608176221
0,089190541156028
0,0775059170205103
0,0595269212312716
0,0462178442543268
0,0775288901820901
0,0392001144495988
0,101577340761695
0,00228874515848642
0,0996655964291029
0,043701535390551
0,00617785710197774
0,0870771706975425
0,024756154569218
0,0061607383685935
0,082278001987219
0,0389216057067955
0,0857830429195651
0,0476011007119871
0,0388961581552678
0,0586793676782334
0,0811348244542513
0,0333690770093072
0,0366779246169411
0,0185970511950862
0,0698456140616995
0,0519006221449306
0,0232825168546639
0,0519308950892927
0,0610275823952484
0,0591628001056085
0,0836634550136663
0,0105281783698141
0,0301519484143252
0,0929553344246201
0,0512903115394722
0,100718749141331
0,0344295673502711
0,00242097964623057
0,0820702416273161
0,0578704474763341
0,07379015710847
0,0759033798127916
0,0691920109881051
0,0194928318352871
0,0203506112650579
0,0308524950813952
0,0500273520204794
0,099018928904226
0,0926529742747987
0,0254736684263806
0,022040810663704
0,0960054830117213
0,0831114493677058
-0,00108023107356684
0,0488554036096066
0,0669461918182558
0,0469687482389392
0,047803322041236
0,0779770862186461
0,0216842030306463
0,0221453891612718
0,0558282579691397
0,056411306467928
0,0540320378638893
0,0722242207984017
0,00623981651870176
0,0686871302573722
0,0419823896335356
0,060741096251058
0,080443564607037
0,00294844070586769
0,0749013778636704
0,0362892504484808
0,054620500027491
0,0554766347228869
0,0740981851146217
0,0452776880356119
0,0130624191255342
0,10225320591621
0,0391787580693408
0,00134523401732374
0,0343470370124701
0,0712015276892798
0,0449820951063434
0,0355595354770797
0,0818834289007125
0,0194327660439114
0,020104247049365
0,0338793071486225
0,0792595461997684
0,0544444632735253
0,0931834542746384
0,0365084954084832
0,0694947085575297
0,0443970281028843
0,0269994454884531
0,0272563709798995
0,0197331700565914
0,0497915792510806
0,0105719530538525
0,0602393032332134
0,00668802126622201
0,0226912459929899
0,093783902513694
0,0044530686011785
0,038600695412085
0,0547483901563235
0,0263596721023786
0,045712990288489
0,0784445769984483
0,0245132702843094
0,0382500144412678
0,042517001114545
0,0289659166264676
0,0118814151354524
0,0792323232096784
0,0745293106254605
0,00189138614805072
0,012468568476645
0,0869755356373012
0,0847055267877533
0,0480686243529919
0,0113516740251695
0,0849483749293482
0,0289480079565886
0,0127968504618839
0,0411475700052211
0,0677488825599425
0,0109898626855527
0,0277744040488146
0,0463130332279545
0,0253736036947805
0,0570697002378617
0,0872047985378675
0,0788500330778072
0,0942545548985966
0,0116103584932212
0,0779410294154384
0,0417265657529824
0,098114031459258
0,0282242966947259
0,0942511632080428
0,0739955456340665
0,052375799395319
0,051272574277256
0,0132249119287473
0,0473114378039313
0,00417597238168864
0,0559530703145792
0,0636924316937534
0,0516087828910019
0,024667811172394
0,00698403367166595
0,0630579911931688
0,0265884052154554
0,0129036027532553
0,0955260080264537
0,0377428710636417
0,0648358945571053
0,0916562181392946
0,0974481030821093
0,0869944852716264
0,0153672982544486
0,0179385862396744
0,0321315437704937
0,0991465433496733
0,0812009444838394
0,055635353902185
0,0507278023989535
0,0183327426753625
0,0683278471549637
0,0972871917287294
0,0608014013901359
0,0146351049256675
0,0585092913631859
0,0897323846303543
0,0733401548458916
0,0587862138444494
0,0336758006520922
0,0157230960278414
0,0654854126579526
0,0369715976235325
0,0117958122453633
0,0472974309917993
0,0761656211578127
0,0216452220555605
0,0183895700231146
0,0940117090446929
0,0606163933224121
0,0659464303245519
0,098728546872143
0,0738674874295795
0,0131051348583331
0,0500703476136878
0,000665928377148662
0,0412298114230995
0,0788838649535942
0,0560569593943921
0,0202442556248253
0,0521260309275827
0,0320239674449079
0,0916760839017462
0,0534481699827351
0,0376203276392167
0,0953645845387897
0,0543215911622725
0,063866409782258
0,0923489287459985
0,00454869982998292
0,0368560205851011
0,0395634479073637
0,0367397941820043
0,00406707041154945
0,049112798529264
0,026170805481342
0,0604765054585768
0,0751986730262631
0,0680698672626493
0,0417729650818617
0,0104863217149332
0,0807569733265587
0,0871892354391465
0,0950189605797729
0,0847813720744016
0,0196041958032195
0,0944603597253842
0,0841820568703963
0,0107310537764482
0,0139691765485188
0,0172794799400864
0,0108485196767601
0,0172831954514995
0,0385419582196241
0,0815497697245096
0,0836991285829335
0,0738093287562064
0,0835234276407973
0,0741754846061466
0,0519328464530096
0,0218440299955402
0,0577788122733025
0,0260406412771161
0,08946300921471
0,023760372737311
0,0263829824171881
0,0619887526901386
0,06980041701803
0,0639923363290691
0,0238995421323457
0,0401894229185718
0,0660311383968364
0,0108139976909449
0,0142839943125304
0,00975793390989207
0,071369057601024
0,0448347320057613
0,0966571233219733
0,0686667979083335
0,0180161318359972
0,000904224813405529
0,0701395342918763
0,0531353560058099
0,0783797521974797
0,0872692198898966
0,026007500908341
0,0222802524558642
0,0981978359623802
0,0225173006870399
0,0654136699463304
0,0523614767251357
0,0769530778177795
0,00102318842011652
0,0161370208096397
0,0199289350863215
0,0527075094416307
0,0547163320494426
0,0977262262244365
0,0712585878424619
0,0583983896572135
0,0576154431130809
0,0246599427073542
0,0201897205413271
0,0868315116441024
0,073779753629947
0,0512483415432499
3,45219858151497E-05
0,00299920113896914
0,028784024309732
0,0101807121234856
0,0388643965771722
0,077152205434233
0,0148566297324638
0,0561593527701494
0,051028621639604
0,0517044957036639
0,00464345626749259
0,0476608890796364
0,00219378932481342
0,09775287182897
0,00410272996132389
0,0637909167277584
0,0472831163309902
0,0985786663827387
0,0715380654072101
0,0632363451007923
0,0650079499767199
0,0946769768813052
0,0943550592262089
0,0570504244682614
0,0166527255515814
0,0471085057813248
