0,0655704496268045
0,0121685984135459
0,0546082014472262
0,000467095477724027
0,050954208034535
0,0679786682445457
0,00856785690810897
0,0476668837702213
0,0683463830353443
0,020595440976599
0,0453417239456166
0,0698174259019165
0,0900573688047274
0,0422062173682294
0,0656520926699285
0,0968903514076445
0,08094830540053
0,0814734027634717
0,0338303112116783
0,0058239662581235
0,0861968228994854
0,0349783252156239
0,0955466609427457
0,0286721264611334
0,0983146959442248
0,0466006675486456
0,0179900670507877
0,0150471566315029
0,0176854790736388
0,0763697084860735
0,0508047204701252
0,0416942131899736
0,0632105293978055
0,0827881793411394
0,0744423545777995
0,0243896735480007
0,0656612212144123
0,0226427660429118
0,0353630903341636
0,0226059766125893
0,0876135635597694
0,0813488569023781
0,0344600184049737
0,0365856149869904
0,0219073541098774
0,00577475209989341
0,0278795984237825
0,0728838993575815
0,0145794154678376
0,0627611781297071
0,0249476297874691
0,0306840570786428
0,0695938837107243
0,00831848956100572
0,0604136456551094
0,0305921244111807
0,0166219374708002
0,0259360749860928
0,00215239953349922
0,00435354048588944
0,049988601193758
0,0935207002766061
0,0299814046965825
0,0919766745492707
0,0697907205064738
0,00364751075564302
0,00660689650411108
0,00726918946358803
0,0677638627904299
0,0412624191219278
0,0312291301932322
0,0583055393576182
0,0461103124293081
0,011224334599089
0,0182104026983541
0,00484796599710731
0,000518306810650186
0,0589610459557553
0,006764772351256
0,0925399438443314
0,0187210691248631
0,0451061676932062
0,000467741163665308
0,0549243009439317
0,0514220786986044
0,0201206633914824
0,0721003294792494
0,0548920398367997
0,02237453368603
0,0438502301666188
0,0077677360772005
0,0397251462283196
0,0204903665094126
0,0310095498482741
0,0726173754188313
0,0940928632831633
0,0513674522057955
0,0424833438557029
0,0667948944805166
0,0182598433542344
0,0991678555957823
0,0206104089601945
0,00512003656715156
0,0733169963459098
0,0315320479364749
0,0666420904298509
0,0845737446493347
0,0583695491116352
0,0901080868626517
0,0555656796580021
0,0300738176005305
0,0576608915150449
0,0191713026348368
0,00961245568916782
0,0856324713610264
0,00488243350055182
0,0930529591129408
0,0750571037526508
0,0405545958506663
0,0496700571149914
0,0315471812763937
0,0517148566673113
0,0848946557775581
0,0239136326238111
0,0334946830447273
0,0915039839649126
0,0378151728482056
0,015100762581034
0,0386069591802577
0,0241175394151907
0,0534805137913118
0,0580349629549472
0,0921661514752387
0,0885049289970216
0,0933720882485491
0,0981106601646685
0,0399861311260546
0,0271507448177555
0,0233922530074568
0,0847799882687535
0,0355469187421477
0,0137307803676141
0,0647839529741481
0,0668088540280279
0,0137764125660883
0,0501068445621556
0,0205538435934828
0,0108779108202448
0,0453770784872477
0,0677349419182795
0,00103990417022254
0,0763103484531447
0,00192874800503661
0,0171248373655252
0,0867126620778407
0,047452998928471
0,0357157531826365
0,0812064039433405
0,0398223133011825
0,0400280639715623
0,0288269175816453
0,0694729820683007
0,0197625899313775
0,065990547447461
0,0020851658666903
0,0720388546455833
0,0654947400398062
0,0306663736378152
0,0162403674406187
0,0875218111963579
0,0648963023744972
0,0659022142951853
0,0516648507451941
0,0557746075819128
0,0141231383728437
0,0178164009087795
0,0869309036931633
0,0180858017495302
0,0101372200577227
0,0833878384825717
0,0709501403714298
0,0269372620279609
0,0697236840937863
0,0708720172619783
0,0230776352449682
0,0771701653381671
0,0561062149499106
0,0750413141097135
0,00255666873759602
0,0482122947753234
0,0623949069820321
0,0587797271827141
0,087328431516573
0,0833641890358944
0,0559530706871082
0,066073936673847
0,0939681904362367
0,0987934111631263
0,0647236983069283
0,0417375680660958
0,100379544658166
0,184492049897022
0,197125838316094
0,0578552672908899
0,00283863954378229
0,0351376898750373
0,0246454977079506
0,0461541404231238
0,00300169899268155
0,0688962611690612
0,0605220952353078
0,0176299514331063
0,0710691838856177
0,0564344748186108
0,069842325418548
0,00571166464576002
0,105864512521835
0,0580633944903805
0,0613593720857959
0,064305387304457
0,0833986575620764
0,239218865997458
0,227189883704432
0,31353371533293
0,286523087020073
0,272622327701497
0,401883461887257
0,521098310844223
0,567330961390497
0,235361636826869
0,148542545591798
0,0955437086087416
0,161486073743922
0,0647922856643638
0,00949561376493857
0,132835141210984
0,0322997186483348
0,0118684168028964
0,068033377718196
0,0879399453699309
0,0525246676302164
0,00995207452678684
0,0720396151170319
0,0328960057501197
0,0968630213609973
0,0562309828251527
0,101096180831561
0,140208678213747
0,33026404528715
0,412968214103474
0,407681500770234
0,462649584429354
0,457939574054061
0,612193733992432
0,833096518446484
1,02567540574642
1,19306081700983
0,913533206395018
0,391584781080063
0,237081793681534
0,284077828728852
0,208598129706156
0,190669443200341
-0,26147169732126
-0,358645233526731
0,162268136895559
0,0642678378449137
0,00266952174840007
0,0576587408583885
0,0880152531843703
0,0695899369053496
0,0878808811716181
0,0808571949512033
0,0513735855714925
0,147671177257075
0,190065402470972
0,447044818116227
0,475062299994089
0,292956893100357
0,401320703324605
0,282610516446473
0,442214471506267
0,555559920720598
0,692094129119989
1,08065712116641
1,31274774873195
1,22685642968977
0,634516914131503
0,810795362992182
0,18337280902119
-0,0146304201669011
-0,181507223327466
0,0707160948136975
0,0721535109588021
-0,326267473913225
-0,0171387273295589
0,0636194709984676
0,017087117823347
0,0878479550536014
0,0130123970159387
0,080497117704012
0,0850410215486963
0,0732352158395738
-0,0823402839306175
0,0669004014078342
0,0263680473913198
-0,0453290298584156
-0,502889025236518
-0,371254245250843
-0,348021984015899
-0,271506817562144
0,114816685432333
0,379891752827338
0,632557391580759
0,817459786230241
0,97995707005142
0,791808003171223
0,141395326218957
0,285208114507591
-0,00132831327093401
0,0914631193332906
0,360323818379032
0,0337609985363446
0,136540362593669
0,315686977548864
-0,1997284448126
0,00968733185449069
0,00954588158500655
0,023596928559056
0,0762105012667414
0,0423610941704181
0,00132669298971383
0,00813014591491322
0,0130053349385418
0,0115206897895348
-0,200483772919045
0,0113510980952529
-0,326524631559233
-0,308190177211412
-0,215566958150979
0,1467122538955
0,195943107269316
0,355369891648792
0,850637560103997
0,146976702234643
-0,285446445079239
-0,181830454010184
0,18736440950696
0,362769744391068
0,0375222512315978
0,407464794630223
0,631737580095183
0,331795583175511
0,267000427325504
0,373878189074307
-0,338009616138582
0,0614259442094377
0,020193530349151
0,0583050662457501
0,0228669947119742
0,0697029300824287
0,0546745412306276
0,0773105979325765
0,0363531922714888
0,0275382199881577
-0,183848502093757
-0,110095448837121
-0,439191999531867
-0,142538372401002
0,144878353972027
0,197715520500529
0,273377116047766
0,495154922913932
0,142066919498319
-0,493353622785423
-0,643404738692001
-0,200709378523955
0,330455031305337
0,257020572968955
0,180820497646556
0,656643572619205
0,981564526152175
0,0234877977929285
0,410361883947153
0,391995023514203
-0,216701696017144
0,160852083025691
0,0865596488521247
0,0990270822304427
0,0700821251469115
0,00839876663330885
0,0542510798919253
0,0694383177763961
0,00373559302818113
-0,167189739487914
0,158525958789567
-0,452727015115055
-0,384764896833718
0,275185255916856
0,308405225601196
0,314060613670187
-0,216446533256202
-0,287368874911982
-0,572343053264539
-0,0578803641907157
-0,398558824450041
-0,176352659305244
0,47057860452806
0,884177622549102
0,675148943878403
0,879568690479962
0,766924925362196
-0,108568320381334
0,347970972503787
0,23169788391566
-0,0968609205580326
0,209222140862694
0,0762056266312514
0,00884674410747678
0,0981471539466396
0,0169506653290944
0,0703454675014808
0,0684530119730406
0,0252228893428918
-0,2054764767602
0,0557805072119521
-0,209421815401798
-0,486818705021719
0,392894667327811
0,363593203911971
-0,394900274464756
-0,724243989422999
-0,521222920144628
-0,656878105641303
-0,438037946340136
-0,387244141285414
-0,121789452976583
0,838390826663117
0,836051508877027
0,434388072811955
0,201749043802305
0,154625862850644
-0,226899285990701
-0,0551883137547499
-0,117874943714058
-0,400113286879676
0,153133316707088
0,0240851526260773
0,00856566545952375
0,0458421334372098
0,0217516881049386
0,0778332537868215
0,0460804736456277
-0,0346365497790082
-0,125658485638294
-0,219597054977738
-0,224822637647208
-0,118519801518663
0,0826271602358323
-0,262036379534684
-0,534428466803833
-0,744931969523753
-0,564142727048624
-0,463098872688276
-0,375172337771807
-0,0711762445062381
0,0424451397879408
0,53194463721187
0,565422567601
-0,0527112877280564
-0,124813323228014
-0,0070055098224484
-0,0414601387304824
-0,348379856371164
-0,314054527161967
-0,379750385465015
0,0621799504671415
0,0335326206560864
0,0375406983017645
0,0158153455778097
0,0219613434383466
0,0810635853004938
0,0923065239527759
-0,0326986758373675
-0,0161460770435297
-0,0486806322560736
-0,0296575237971118
-0,181760780776581
-0,229943985740848
-0,0863075174901999
-0,399257014999019
-0,646394206973213
-0,483989522783755
0,0311750469833365
-0,340174922276894
-0,00782103197125819
-0,137093390869669
0,386911687882535
0,372487860150151
0,10514292305792
0,241126892235379
0,290224884863694
0,164236124612089
-0,704881450951196
-0,292788706817017
-0,126525970286551
-0,0108624046441426
0,00033250269495533
0,00457377801862256
0,00410813689423173
0,0741344334437207
0,0991257453333241
0,054311899260763
0,0336012908670067
0,241516043548319
-0,146076482650248
0,0898338332532766
0,0113683200616516
-0,0587090693031466
0,0790577800876193
0,104773330274469
-0,0164185726373944
-0,287825143765037
0,276230569251151
0,140095872107394
0,238300905833094
0,122162094365794
0,0660403533225677
0,560461476801531
0,623780224636037
0,560880693314141
0,514033713924107
-0,390402467230553
-0,281488658895519
-0,337020023197909
0,386635704697844
0,123862310854516
0,0216892084673462
0,0247255962457161
0,0179658819073652
0,0622258676971429
0,00323914657497739
0,0402634989657735
-0,0433428512169699
0,114519307305839
-0,188918377149527
0,255746147423638
0,0758731938962015
0,234943110433028
0,25440115984957
0,159336362076047
-0,0409796964559539
-0,675085463391323
-0,479984655182916
-0,239550752110159
0,143018813701268
-0,19562000837245
-0,353627065506605
-0,108007235571628
-0,0184018836957088
0,000561756225898672
-0,431028033751133
-0,514692323559447
-0,503500155707465
-0,174739929186619
0,469861945371702
0,091146058538531
0,0860987187298475
0,00493362033969426
0,0958599088228587
0,0455613876905112
0,00888722916547546
0,0222900850336487
0,03359173003574
0,0229622963829699
-0,246722519738456
-0,0685693905488614
0,242195688599854
0,469266839736387
0,540550098441896
0,0791550488309123
-0,238130479621437
-0,384976727013328
-0,0800152865251223
-0,0340600755697386
0,522971480046454
0,211842498436372
-0,312227088393192
-0,352569444864849
-0,667940573541987
-0,504261760169458
-0,33912397014951
-0,613400826150977
-0,532744562841126
0,161967502451217
0,404008173055568
0,099669439950804
0,0455979285974046
0,0113784209412422
0,0537147818383364
0,0689734635264489
0,0754319167115874
0,056404060477579
0,0612968362952938
0,0976169147513777
-0,0185414213524313
-0,161606302746987
0,0397147556135682
0,386431772850402
0,288548384022541
-0,0471371057685429
-0,00606847852705723
0,312328148675127
0,249759934653029
0,409314152946152
0,27777649708184
0,259000563331147
-0,0396562078803815
-0,223555912003682
-0,610251048152679
-0,483985656092425
-0,40419264531377
-0,324876643771024
-0,0833123950860496
0,330672215038108
0,298628598905056
0,0791122536077687
0,0991679375521689
0,0114906436817211
0,0647251017693082
0,069071006434537
0,0649658971768645
0,0546139880337818
0,242814033025036
0,150936355070418
0,0838990740123766
0,101601568032808
0,0083617998384931
0,00455097029216445
0,0038645170654505
0,2191812609237
0,523730449125577
0,659012276432451
0,619257119162762
0,307933451388224
0,124627811217723
-0,113627902781853
0,104413029358694
-0,0695418132286607
-0,191125180319721
-0,145067567556064
-0,206428265119434
-0,16124268809936
0,363838076493779
0,192830619826925
0,201531535567498
0,060198453702125
0,0679684941042068
0,0797865723631282
0,0621567329215616
0,0141020719493283
0,0775389496132447
0,0294169722261918
0,167315573181413
0,196829485535392
0,180833972523471
0,145682326634342
0,0773447061403565
-0,0685449606236906
0,0217771724218225
0,0967196897581205
0,0428965513832265
0,0714381741905933
0,143732607033866
0,0719281335345398
-0,0789920011168813
-0,154875370763412
-0,183310229403087
-0,217973568325916
-0,339900507668591
-0,263224904739939
-0,181129263992947
0,0842883700581962
0,119958598322561
0,0935531090610582
0,101463890764254
0,00622688602014765
0,0715755619907638
0,0982155105556434
0,0568944612782888
0,0670370691302405
0,0268930247178734
0,0354668149424097
0,0482971270327909
0,026291506449393
0,0599409991479514
0,0266468624371012
0,0339016405092094
0,0827213053045428
0,0544535086319976
0,0642309965990466
0,0771494683329844
0,0356676682505672
0,0555097308501241
0,0997901503694261
0,0832235753604012
0,0201380688081509
-0,0254397674806885
-0,0907836445924947
-0,0923683003946287
-0,0590143872410571
0,0791486273615606
0,0323498240357031
0,0165384880344097
0,0716253622302904
0,0914341215004372
0,00255715032227205
0,00809613112737245
0,0808799069285765
0,0673928330500577
0,0924883744644413
0,0456401313867607
0,0446723439938726
0,066826114136179
0,00466341725767749
0,0665107064724484
0,0673160415921901
0,0639910854697186
0,0717763346488477
0,0825215490453511
0,0182500250722515
0,0503238025821391
0,0902543804097243
0,081517034248224
7,27061648260365E-05
0,0157335546406608
0,0899442227044814
0,0224961474176944
0,0245547697062394
0,0925594293477756
0,0275044839491623
0,0197544649335344
0,00519843311291115
0,0516564618570993
0,0484042686635648
0,0798143011423826
0,0945432006821703
0,018928326908
0,0766717648025005
0,00905613392081863
0,0315825977975422
0,00565010579566011
0,0530217335806329
0,0153284722544851
0,0616132613558384
0,0175352467771318
0,0301254720567379
0,0658976136082307
0,0478222346156008
0,0302553649201316
0,0173753663512763
0,000648069521714034
0,0146960864377655
0,0838555798325015
0,0283090236262926
0,058166390032585
0,0969683875781337
0,0508327897874791
0,0164657818695837
0,0558918075896296
0,00148989879595577
0,0800610029045777
0,0835413614211331
0,0883204775808009
0,0398883491008954
0,0727339095309069
0,0404416982738495
0,0930158821367733
0,0184218454726142
0,0248491161152949
0,0719675057902781
0,0483877146841901
0,0873193206672181
0,0627202007280291
0,050938951247809
0,0125999192765914
0,0973020690015061
0,0749259081552391
0,0199037728923856
0,0825374593876942
0,0856080825839229
0,0240466090962508
0,0746739128020936
0,0942994047861078
0,0751840629964993
0,0268564144274483
0,00505837849576882
0,0213428532804096
0,0233474382308067
0,0902378786309799
0,0828459135642489
0,0437104108946912
0,0024625450384163
0,0207799572128709
0,00756623512486286
0,0515215948929645
0,022108744374527
0,0647012559998321
0,0754401231535897
0,0888793518249315
0,0770935485032823
0,0371095899199646
0,0474757681356165
0,0229731185003059
0,0582878591298535
0,0689876516670862
0,0133287488544959
0,0519758857097365
0,0329166285846925
0,0157091043497012
0,0608643210310788
0,0220424794228945
0,0309290168950935
0,0339283224818894
0,0702837250057066
0,077443289699705
0,00538709010248403
0,0892419566350253
0,0131364145843016
0,0130319346734471
0,0676755310351381
0,0190988449934399
0,0696684439059666
0,0281839668416343
0,042003202551046
0,0282570948955869
0,0459251696457738
0,0665393634543472
0,0551539656031662
0,0994173563548445
0,0904911749020643
0,032600813001674
0,0994857850016494
0,0310244210674541
0,00544391088441196
0,0484984926639583
0,0765708409606343
0,0517007943017878
0,0360115456562543
0,00619641132941302
0,0135276655729523
0,0530824927860324
0,0884262246957171
0,00763833388110545
0,029373557599901
0,0608034341413544
0,0127813939995977
0,0685342225565269
0,0504962322071643
0,0301229454251579
0,0461345047904805
0,0328667877395017
0,0515648414155305
0,0624081884801426
0,0212038207897934
0,0579947035098424
0,067441146013998
0,0192918012939821
0,0809699159492598
0,0300307642342666
0,0230624820213125
0,0467893854001488
0,0968219201065702
0,0334992722298481
0,0252179294476369
0,0282635080294048
0,0225566944212451
0,0999045958276394
0,0284844115974775
0,0217852323417483
0,000872448739070654
0,0536862958006963
0,053230410978771
0,00694000325488858
0,0995042691004948
0,0145930382491057
0,0306726202977228
0,0620301100248611
0,0988104092417333
0,0811997684096916
0,0154757008959892
0,0773909470892469
0,0160431312471829
0,0250310201780084
0,053282851564364
0,0576243871625626
0,0810359715861436
0,0370775965215068
0,0098206002776607
0,0474492073745696
