0,0835107009781109
0,0469034924855938
0,0137985938292922
0,0712214399460803
0,0121427998468945
0,0670969135906067
0,0670132149788613
0,0490144060221568
0,0673197433665952
0,015596319090387
0,0347261462987988
0,0943889820456454
0,040018215887257
0,058410432775696
0,0256295852482457
0,0965070684424169
0,0172355615148486
0,0774728644068692
0,0554866202899658
0,0155878721808958
0,0924932534771474
0,0312476832565142
0,0307506692273313
0,00814882992214934
0,0767192667241764
0,0611470759199686
0,00580203808182945
0,0107335243889752
0,0386558758740574
0,0206573810524574
0,0461469137790366
0,0524196708818989
0,0849097025510435
0,00284467814622665
0,053785253434342
0,0590600868496392
0,0283406661489702
0,0678418204038599
0,0723646174987613
0,076848439488955
0,00177032002330307
0,00360792698506635
0,0921773773115954
0,0271168155721933
0,0436961361876205
0,0102867011028746
5,66659495498361E-05
0,0854166152353476
0,0927343828569792
0,0684966749830622
0,0178911231075838
0,0912444204051254
0,0509999065897427
0,071300019170763
0,0205973760786454
0,0522630177215967
0,0161528232582625
0,0056497639071428
0,0945021732219039
0,0509957239269259
0,0612948755087773
0,056279690589886
0,0103585301480994
0,0466623623141378
0,0694494053113504
0,0823064754168999
0,0094792794946019
0,0371735377410303
0,00462517934135403
0,0665694983986064
0,0681664022934467
0,0493937411109888
0,00510824690810789
0,0786381808010108
0,0138175521575928
0,0888853264920811
0,0390703059449188
0,00363385365513798
0,0644526937345288
0,0664325656213018
0,0610904099704187
0,0203854228464819
0,017999141531996
0,0701592008909952
0,00276625794487365
0,0549024933739111
0,00141976429215621
0,0136096833802805
0,0822473020675812
0,00152223571274534
0,0429072635913767
0,0226909022418274
0,0733396471819559
0,0213688935718354
0,0155535639801778
0,0454906294334171
0,0932493968369669
0,0455150149974576
0,0576674102608428
0,0613896607707206
0,000807421608272671
0,0628831282085195
0,0807914358939936
0,0261648844583728
0,000330272689615503
0,068497381996595
0,0861361734970175
0,0723617257887319
0,0574824670131702
0,0317120495865643
0,0131927117766779
0,0125189696031245
0,041197070172614
0,0280696076006021
0,0899053139565072
0,0409094526622954
0,03828054905789
0,0401993292571042
0,0438961043692641
0,0145469119374393
0,0808867111247437
0,0958695961143214
0,0549262356734491
0,00310294362860869
0,0236622348072297
0,0454755000516193
0,0760540939290328
0,0837393533362725
0,063084616820833
0,0683269227241757
0,0956359296551142
0,0935552909474612
0,0459664433942951
0,00306303296380818
0,0656251440130291
0,0982072817618993
0,0395939869524883
0,0918342570736232
0,0698289282013797
0,0342688759482786
0,0687663198768936
0,0290580385034243
0,0561272163671102
0,0505352524810169
0,0883295239360675
0,0303882939882522
0,0814938320692134
0,0452700395813538
0,0314635796153283
0,0746441113178824
0,00721008037552707
0,0530500675798627
0,00161891062819348
0,0431204983234035
0,080502949645977
0,00493782549395125
0,00795689253507037
0,0776884922653849
0,00250264965114307
0,0548547726379962
0,0924432880675622
0,00239682016074509
0,00927710896789893
0,0891555442889945
0,0360761199314502
0,0196374208292167
0,0665525262088294
0,0381340372088058
0,062444463587573
0,0916980321946079
0,0013154657098071
0,0464462919842667
0,0703704010557245
0,0096272284209855
0,0457805920605457
0,0518286726213194
0,0397423797472112
0,0043909831924322
0,0147734196925412
0,0932739408189775
0,0639816679824058
0,030784054347679
0,0522757737209442
0,0884405055029506
0,0611168423486486
0,0425858620752515
0,0919363803192677
0,00284594507089162
0,0226457593200991
0,0609443465258813
0,0902503892268289
0,0619054946871034
0,0893316074224802
0,0149741555633834
0,0418255878807165
0,0663694997161485
0,0197809295355254
0,0669715034119399
0,0144588289504504
0,0686917995077345
0,0789360426117568
0,13396326544911
0,180979335798208
0,0397655474207204
0,0733286456080753
0,0607637883912603
0,0826796665241381
0,091991682207208
0,0973399062628578
0,0286742770246576
0,0651954457467401
0,00356590934263817
0,0629150725728437
0,00922870883216556
0,0909587806578585
0,0620876137312224
0,0508064544579439
0,0218647154921629
0,0325727538003166
0,0983277991287573
0,0263230020227005
0,0547918054177949
-0,0974698757283371
-0,170599765978992
-0,214209668657172
-0,20896510081773
-0,248634557756475
-0,263940115795224
-0,244528676823802
-0,217611320323145
-0,120421086432503
-0,0352813954576871
0,0328351789462861
0,0270340746089488
0,110998165004316
0,0359423295195158
0,0479584783538983
0,0125102263002238
0,0151118598948754
0,000353053957388296
0,0599061955511133
0,0999446981120597
0,00550603880803382
0,0938858062931736
0,096777012806356
0,0879696199182088
0,0971058684067599
0,0467010062518948
0,0542562125741504
0,0957251280424294
-0,085342835730526
-0,157356601553434
-0,23476319500702
-0,212937053117216
-0,185997587618666
-0,413797975557328
-0,509477520637411
-0,645819536606654
-0,636004108531472
-0,467711868047335
-0,371798425711066
-0,318455242145037
-0,199288879232572
0,247267206764817
0,591870606182086
0,21537972223514
0,0136340586997727
0,0168337559871533
0,0797905357926109
0,0702512315335922
0,0137007553659849
0,0376108201395771
0,00572474357007292
0,0554200319070882
0,0768955823341448
0,0959546771049495
0,254853723563542
0,309618366047993
0,269232416135834
-0,17659229886167
-0,240512593880705
-0,176674240178504
-0,181982493835288
-0,0859383797281891
-0,176750560399716
-0,309205095725518
-0,597998832021187
-0,809392634666401
-0,785509063966639
-0,46472684776519
-0,232938744919714
-0,0468983280559567
-0,231362803720893
-0,071473142591547
0,477244346501668
0,265855028106445
0,0757546564451208
0,0875772248895733
0,09725927235431
0,00306713469469321
0,073050421184418
0,0821566661271065
0,000312362797703763
0,150058959202986
0,310052950930237
0,432125587834462
0,835432113664967
0,455278754494581
0,124432535042447
0,172486079894943
0,202398944657802
0,230813171589552
0,19188476212056
-0,179569360394066
-0,491206143105069
-0,473511102595436
-0,706277798551175
-0,742316562542286
-0,331348378898334
0,09175585959958
0,237538032472649
0,112115009473321
-0,01022187943593
-0,0620086403482968
0,399164638473761
0,25307313302499
0,0635865733815789
0,0245315582605691
0,0309816978550431
0,000961287785769109
0,0520016859527685
0,0706233174403307
0,024428875243491
0,119256985782451
0,374926281724821
0,71485056104787
0,645974190692588
0,00126196860794587
0,0771642385598904
0,0176769324693088
0,194298551947809
-0,152226037732513
0,0685972218988908
-0,231607709866927
-0,0894458468444081
-0,114653827725266
-0,690494348614896
-0,495373569845945
0,100039920554936
0,260831612562482
0,366386848788376
0,418038400049929
0,199707962478122
-0,0521097643536095
0,406064037869506
0,301770322564422
0,0709776624844309
0,0498308134031626
0,0764346199931738
0,0196548908574762
0,015219134844476
0,068688024239935
0,0802656242997691
0,228524576130891
0,428371148457885
0,494771776893955
0,280758284194019
0,254373213070718
0,15429159137598
0,132107998410842
-0,0908829302593926
-0,181130099756256
-0,320824608129035
-0,0646249032216248
-0,0836800143119421
-0,0360259037469785
-0,229697174262638
-0,217689741888215
-0,0589568160091379
0,205877587259642
0,330695240263452
0,36204261166501
0,230784991833794
0,0416119358531454
0,521258081474305
0,155468149885742
0,0384412869027673
0,0906927198128275
0,0587180034530899
0,0133334034650276
0,0878497186525956
0,0268686097706056
0,00101075521717349
0,176974466177856
0,356452290442254
0,256131698391144
0,35364529810393
0,447766299115365
-0,283333847181269
-0,422485091217622
-0,43888382511101
-0,107273237138413
-0,572926379422522
-0,608014339020939
-0,291489613983205
-0,0294736185145448
-0,368993843759472
-0,244778024726033
-0,300145552942634
-0,10251802134775
0,113318348983045
0,173430172265955
0,0870350567114179
-0,0976181257314777
0,331471499263897
0,165385597218515
0,0326841288338549
0,0193505587146387
0,0220967848888118
0,048431249451093
0,0334930594700822
0,0909760983153135
0,0128870175745743
0,241517626037974
0,106537368602914
0,260621346401137
0,240156824305922
0,197629362500032
-0,532323979007158
-0,63849984307077
-0,283772134166705
-0,0888387484923213
-0,572687220078917
-0,67654875295372
0,00720841120442018
-0,113812044858077
-0,347327126914265
-0,224363535506548
-0,332280727466089
-0,218148352339005
-0,106621678727043
-0,0265965629329023
0,0583818801365503
-0,221204880794685
0,122977130957677
0,236227380728099
0,0408126196679104
0,0152529958240935
0,0365837250075227
0,0668676540566923
0,0393452846628359
0,0229742323621056
0,0730578540698894
0,247606233965038
-0,0479453238750406
0,516512766976944
0,162145662581019
-0,0247720439438153
-0,300217023894439
-0,282015974767833
-0,319080217324906
-0,0576430297036545
-0,47058588107648
-0,582081428560952
0,0180430206128987
-0,0875138747825878
-0,224116142122166
-0,31296580500043
-0,432013640035046
-0,352109603467247
-0,211448562607688
-0,0684497384274839
0,197560983071202
-0,0489295752479306
-0,0805749375186549
0,0391424875428446
0,0109990821795158
0,0626525631000533
0,0204616117852096
0,0100620015105521
0,0829302812381323
0,00227910019563469
0,0772865459682823
0,186685643093363
-0,11843042311629
0,525488829373457
0,109994743902112
0,26909993910667
0,00578204257936993
-0,344496217308794
-0,317694971401269
0,0681620202895104
-0,215156718272796
-0,640643132798581
-0,0300364508651585
-0,082671584612537
-0,300474821949511
-0,276987697815167
-0,284550644129473
-0,267620063984179
-0,144319100871976
0,0947850531524634
-0,078810788186247
-0,0833094139153798
-0,104433364719111
-0,0274005142240827
0,0448845216697404
0,0971961120596137
0,0227469519817955
0,0243312825562112
0,00371317081326301
0,0449422870971925
0,0798253732173822
0,183648007362867
-0,242129027194399
0,417122013236189
0,428421729103527
0,277151585852994
-0,157970400007931
-0,28505142411268
-0,204505688995177
0,0481921710691454
0,12902060758485
-0,714071092362248
-0,592405267520874
-0,192795458759673
-0,294319218586549
-0,448787888021112
-0,384394148756573
-0,268473942929797
-0,122100666327558
0,170469674191286
0,174330380629958
-0,258684947869346
0,13879823308535
-0,101172906429203
0,0874858559578776
0,07139194131428
0,0256528699424364
0,0212237465294189
0,0262875600840373
0,0976843141008561
0,0843272665908222
0,0537622707067387
-0,132974506703514
-0,113977261425689
0,330683155746531
0,0441438018738771
0,0190296872111751
-0,127720691049116
0,25013782325466
0,257437503258569
0,210147098089038
-0,548799801606073
-0,667889806103395
-0,0778385103879538
-0,149987812850482
-0,136541512765015
0,0460971312970267
0,419092541481397
0,575922915126954
0,622308265802478
-0,0864704250761153
-0,32262430217712
-0,229502702467575
-0,0924986584330747
0,0177124235861527
0,0100626066373953
0,0610120849502329
0,0316344798689869
0,0111039768024832
0,0612660751963342
0,00191406956962965
0,119528109789652
0,0884513673924869
-0,316038885563172
0,194828016798828
0,453726028647653
0,264825644385565
-0,0365930171441651
0,485771584032948
0,440735185023957
0,238856187157484
0,113096457445094
-0,122744956110517
0,116946806751579
0,288339056446392
0,352982241001322
0,155206985528398
0,236223875311223
0,248931814102579
-0,0662277235878304
-0,263015876529549
-0,522783865300969
-0,0791414547658183
-0,0431964473653418
0,0306745019884196
0,0419822238581172
0,0604245414307455
0,0515253816039885
0,0639923904854769
0,0538103719492491
0,023287013463344
0,17616636941162
0,249752592414158
-0,0065838915390006
-0,116402024944201
0,323760414434484
0,34857467246253
0,183312258912246
0,665418888907143
0,619714854487756
0,581774307986334
0,815733377682194
0,572630504844971
0,343902592143087
0,315317865396181
0,117495212746627
-0,122349281003027
-0,0930648965438921
-0,029862439656624
-0,137737011162458
-0,251335309850437
0,0111316827390299
0,115083798599077
0,0682121207597318
0,0917267193513581
0,069921445040927
0,0258197069753984
0,00111171924560877
0,0741088967649773
0,0278760182335395
0,0747216824324437
0,0717582736860797
0,188794249423694
0,167236248936356
0,0979298030111205
0,0859697844978371
0,189640065257369
0,217557485979036
0,237511040195384
0,33080771384988
0,510745752539073
0,608153174901453
0,529792654005201
0,333698612861347
0,118985895304996
-0,215561351210723
-0,250507163367701
-0,27253478364685
-0,29363585045574
-0,0458659946318775
0,145710418414556
0,0395887141453017
0,0707458566937976
0,108575356978647
0,0652793995408711
0,0743928477514502
0,0236470237018759
0,0258974371132895
0,0933915778032465
0,0142053488708126
0,0292360586250369
0,0719398141131214
0,068860819427029
0,0242392277426247
-0,00204811666231951
-0,0435634373003667
-0,0833515785796772
0,0330245494396056
0,220640086298009
0,297226014034446
0,232571286013667
0,254375736746568
0,237175280969263
0,22595832515452
0,189304423934736
-0,0372698082897631
0,176777469351534
0,155607789382943
0,173559592714119
0,0322763931167577
0,0880136736472027
0,0751722381408578
0,0922486045514649
0,0294162082237423
0,0942213002099755
0,03538354664826
0,0650097838905686
0,0761434906516892
0,0317917783427014
0,0861834946955477
0,0836294037679347
0,0206029567497796
0,0554312123127985
0,0601934143040856
0,0247205240941981
0,0900693295942942
0,00874506379884903
0,0359532276852277
0,0519837245273709
0,097691906743877
0,146709957740125
0,134337441004085
0,169221870696787
0,100893344959411
0,0583071733755917
-0,00362687780918099
0,0827811481200486
0,0536396490996541
0,0323976327771427
0,0549141628300988
0,0855955565746853
0,0166189147702506
0,0905840393577628
0,0916888339406293
0,0334978327776761
0,0610794808534344
0,0836403539328092
0,0416859884474827
0,0299237262596952
0,0799249590746709
0,0513101621769882
0,045027075076954
0,0139157393546383
0,0930887935650948
0,0134271635270804
0,0171151029957063
0,00392060415070532
0,0863413289125736
0,0284712356182147
0,029282253202648
0,0017020079780845
0,0528454431113067
0,0550485232635627
0,076553214051087
0,0328493341025195
0,0372011048426857
0,0897657368284491
0,0734044484204633
0,0189148597507341
0,0199948482774174
0,0426566037082377
0,0739391788718939
0,0132937494727288
0,0769594505787638
0,00058793812086244
0,0670104889976841
0,0300189173920168
0,0638188279996714
0,0267720311539117
0,0636792680545148
0,00642897566148498
0,0670590753513663
0,00602812180576293
0,0720546265933917
0,00745002152745147
0,0238263346831437
0,0295906718958126
0,0853020473780586
0,00189818823798475
0,0916228856386723
0,0703058477818528
0,00638561402744875
0,06259936940046
0,0335674879763124
0,0531303197858531
0,0327501134633786
0,0615703915066879
0,0140308253066758
0,0588394998381098
0,0962967279349904
0,0713137440249853
0,0102359055123459
0,0227711286967486
0,00992887798227783
0,0372683553664332
0,0773709833050943
0,0317333256042252
0,0369562887758744
0,0925008554442324
0,0464166745293963
0,0870961856036895
0,0401017761510339
0,0595692977586618
0,0647919675636999
0,022853277541163
0,0346429326267182
0,0468173213055438
0,082993896670171
0,0691031925236355
0,00902299941937579
0,0076104329468731
0,00446368945039049
0,0715062601824786
0,0272919741120618
0,0496890004955647
0,0362709896807889
0,0113398094714339
0,0797262614964164
0,0238291307929108
0,0678378246574839
0,00544009749099617
0,015988092085341
0,00497932816156155
0,0304753032189213
0,0923655240295294
0,0961930701491391
0,0442879466546178
0,0960992438234851
0,0347862712269585
0,0300790382223572
0,0920930090789185
0,0926343831199381
0,0928011919338262
0,0554815137085884
0,00452670003498285
0,0302040716308188
0,0468163162687869
0,0978074018367601
0,0107142104351494
0,0184873871591349
0,0859327921578348
0,0785764948365169
0,0449276327830402
0,049816500418734
0,0886862949881173
0,0668500545745949
0,0387296453298673
0,0954791545846868
0,0602398774867132
0,000997365685644264
0,0660311738336604
0,0520070641078088
0,0131271579829637
0,0246630307867485
0,0409765770384001
0,0711080935183485
0,0351224479894724
0,0290939945397405
0,0724264435341705
0,026660207392024
0,0903549859721004
0,0507180774820587
0,0482076254432125
0,0390241543012784
0,0169299903404573
0,014976049826935
0,0116624975165643
0,0160247464738901
0,0227652740770789
0,0194849288647459
0,089454673412002
0,0135324076346738
0,0690120510612671
0,00534174363377585
0,0819050324996491
0,0268636026544793
0,0710604593023008
0,0551628277428275
0,041789008230804
0,0255154694549346
0,0574634248192717
0,048808792069931
0,0358593663367719
0,0337889055413142
0,0640478643886968
0,0400859449711097
0,0795072251369745
0,0681381611470776
0,0145049366701883
0,0334186065166344
0,0950816236413464
0,0177223217290464
0,0253809583025896
0,0840540030431254
0,0281324011870345
0,0352147146757761
0,0303688693933044
0,00590347848176187
0,0328865100782767
0,0737102451611824
0,0551875570580305
0,0227048988559772
0,0727138805076079
0,0407549486219673
0,0115426922736423
0,0524987661989866
0,0829950130465417
0,00778541434918782
0,0427579982870994
0,0141129743839209
4,76342160476531E-05
0,0799596202466449
0,0873049863089365
0,0469109740792359
0,0691967825727522
0,0415461939021694
0,0148587111452868
0,0144187199018983
