0,0402382952348507
0,0349290777626117
0,0234949909725669
0,0352543191217139
0,0475885217765293
0,0292662555953796
0,00143022425539336
0,0995197268666326
0,00443475349081436
0,0262216483830575
0,0557453046812421
0,0286033155995437
0,0462535335432056
0,014487013553496
0,0356211449651146
0,0838633373304565
0,0433432825577181
0,0634726625231433
0,0636077361943236
0,0317493369019354
0,0323544149437707
0,00484869252184811
0,0814521723340508
0,0129525937200303
0,0061209807666582
0,0541019790592147
0,0637315272184701
0,0966159122980274
0,0215197746742143
0,0622652582648514
0,0569002362698783
0,0314417175163709
0,0055468924835077
0,0103658651981344
0,0585388405055454
0,0720614918377537
0,0768454579994294
0,0722914657892154
0,0237401901854855
0,0471893630675922
0,0320791036971282
0,0869550782660744
0,0638213869015786
0,0610660157916443
0,00186692946677419
0,0744786819789925
0,00212306627171257
0,0901163836895099
0,0220424956279073
0,00814748630307032
0,0527449331026268
0,0264545566525564
0,0690271651693746
0,032418092774422
0,0806662749874714
0,0353896027130026
0,0534769054285609
0,0105423972525366
0,0291333383550557
0,0934865427173146
0,0655347283769095
0,00481431195736598
0,0779999521924183
0,042169495225963
0,0693214121131792
0,0243035871648712
0,023056423116036
0,0358876683450712
0,0559481730479506
0,0635596531273609
0,0070178793310271
0,0710518167685027
0,0397324723376578
0,0164183731267314
0,0996702332048073
0,0453993366776962
0,0410273056202695
0,0203861565424065
0,0110856642532561
0,0316422987876657
0,0519789127875021
0,0736151435289602
0,07457341667012
0,013372288371144
0,00952032516222462
0,0304456796173219
0,0624145523469963
0,0731287997090857
0,029699590210663
0,0231492377925428
0,0185845864091928
0,0663030607468929
0,0431581274341597
0,0302536474681709
0,0816546346906827
0,0272647917397622
0,0089551260736562
0,0216518916756156
0,0917446036784652
0,077563342301903
0,0514222588629566
0,0662353979266413
0,0341682106415593
0,0584828425005464
0,00112960697204322
0,0816931163341241
0,0867220843148986
0,0526087920426432
0,0327478595696147
0,0352669383097752
0,0943622970927331
0,0330907488861544
0,0994567329992804
0,09749103956739
0,0415076299298125
0,0919195848479493
0,0302408952872459
0,0646276638212743
0,0326491700637383
0,0388757324958573
0,0618890348178749
0,0499276234069502
0,00618807813440826
0,0327989352554078
0,0449750667181681
0,0407148185841343
0,027893689334343
0,00947882486948689
0,0347637384360487
0,0724054414650451
0,0364442106040401
0,0193754139446539
0,0286415528639413
0,0335223219513531
0,0802200399247091
0,0857435148608608
0,0394469328874009
0,0160905741695736
0,0122426813991008
0,0278272088281006
0,0437235953024233
0,00980576030435309
0,0403809401394711
0,0944326519008878
0,0287869406998097
0,0854938375230384
0,0668463277476124
0,0456670878667697
0,0887460175383585
0,0897350498427335
0,0970238964525163
0,0443274622523819
0,0890027216118773
0,0528688711826079
0,0156743074840281
0,00149463545600634
0,0600473197922331
0,00136927538615152
0,0135077757823783
0,060414788387909
0,053799426999781
0,0772432594454117
0,0178450536065945
0,0603424181045696
0,0988227277057351
0,0749868831480792
0,00444919602221306
0,0659344110479273
0,0172709996426809
0,0557641150689517
0,0524726519605483
0,0141503211176723
0,0523849824221735
0,00482196123563776
0,095152137193434
0,0520832745135218
0,00954668326747915
0,0117554262335205
0,00401199455559812
0,0594812291951297
0,0738684908365218
0,0822266014675734
0,0207328073311284
0,0450286885933153
0,0753815450125288
0,0921167483516581
0,0303726923327766
0,0757726816813334
0,0178480144673251
0,0787254044687028
0,0256961950686277
0,0380776575012494
0,00258279838719536
0,0518278930111918
0,0740277818283196
0,0664803358570115
0,0919607066977586
0,0800385220349014
0,0956099241951527
0,0538000575517305
0,081725348838342
0,00499616072478472
0,0328206859179469
0,0329819024694068
0,0372623978821851
0,082873575334844
0,0919424798302085
0,0841807603762395
0,0577167339891739
0,0635910329705063
0,0919479521885272
0,0482918935587126
0,0973572808305534
0,0540265465872486
0,0865462975513871
0,0715728255322076
0,0565104521142833
0,0728163650132792
0,0851662120178211
0,00752733505719787
0,0452503961101012
0,0288605134988016
0,0476745674786418
0,0372299294234642
0,0278074649411413
0,0119292004743359
0,00669114990577031
-0,00626853018889851
0,0236229380512131
0,0274226408500507
0,0651553374948617
0,0375195080852968
0,0271523057830773
0,0557103653519498
0,0796968924305613
0,0733650914558181
0,0538305132434845
0,0877509048617216
0,00776629071113015
0,0925079696776848
0,000174268521449654
0,046191931956537
0,0180559476921595
0,0542569814968188
0,0867774522801756
0,0774043015099151
0,0411915615821079
0,0537299174312561
0,0681827517319901
0,00268751687779124
0,00790756718113884
0,0155445261092881
0,0893969809881303
0,0821219527224549
0,00102170938288421
0,0388202380963366
0,0369145876716684
0,0636494110621012
-0,0290738088811987
0,00932922137134267
0,0733505691520115
0,0970723131009096
0,0639371062941094
0,0395330351321477
0,0128688869986852
0,0646841457067777
0,0321463915203448
0,0471453438266857
0,0755899588929443
0,0135897234145504
0,0177423122887231
0,0687595472525617
0,065050074302149
0,093738192269003
0,00878096632825938
0,102240226897544
0,0222865574274209
0,115615816388642
0,0570865205049195
0,0560397595779988
0,0717192269131942
0,061520138945987
0,0336950099927456
0,0236757941621681
0,0104072919917256
0,0261223234568937
0,00847650487509688
-0,00232806471829446
0,0126990512090133
0,0182087472666089
0,021042054467285
0,0707950536260971
0,100437700548799
0,101239741542748
0,039131869445907
0,0206242727800311
0,0928053509876157
0,0890110150394081
0,0507885163420758
0,0243376613242261
0,0452579099895702
0,0935750328440103
0,0729662929070025
0,0565117052501801
0,0914049034862983
0,0516781348065307
0,0778875125879061
0,0356266749297434
0,0903085344180397
0,012462656238012
0,0434200007874869
0,0620519246231607
0,0396124062854049
0,0492795024276012
0,0415997924986988
-0,00580699262696847
0,0456315510404063
0,0176108495125297
-0,00307511155078029
0,0601851874653581
0,0342444323455615
0,0175521141085312
0,0307775895202702
0,0764286349310579
0,11742992282982
0,0754545750742727
0,0839226248599229
0,0801511870139051
0,0712509863410382
0,0977428327304045
0,0056169078711499
0,021609551609312
0,0430408987417076
0,0324997928403993
0,0169499120355753
0,0916174781561545
0,121800216854489
0,121521227500207
0,0512596766210649
0,0881774623144767
0,0972911373675192
0,0353385344952552
0,0472970328072073
0,0258875390985763
0,0776425741710789
0,0610548148894466
0,0355851527834361
0,0391800575994784
0,0235586574627358
0,0115365745871895
0,0639004166666007
0,0873250887663261
0,114003880645489
0,119359414736207
0,115069556923157
0,0635793296771172
0,0874557592847644
0,0234447945484169
0,0582332026484577
0,0309503519120395
0,0572877116302437
0,0739430803684253
0,0313737591874664
0,0911955809442493
0,0144621532017191
0,0332285955773436
0,0517460078202401
0,0463701081805988
0,066930909594286
0,0862698460281514
0,0247226210844914
0,0675365933855782
0,0757389037811481
0,031283328784577
0,0742032212693564
0,106036415200882
0,0789931474121508
0,0754170620269288
0,0415278642448118
0,0330649897544418
0,0477689755173827
0,0723107314387569
0,0776100088994409
0,0807563971138757
0,0589171948560874
0,0615465935141518
0,042941551628961
0,0547426214230911
0,0311020989115825
0,0670526328343212
0,0926438256598282
0,0666001834751108
0,025350419257465
0,0209887533192628
0,0290727721143755
0,0278150013590122
0,0348743569123213
0,109521903310839
0,0605734306341684
0,0773307308080244
0,0417874842177515
0,0155848591959892
0,0890989862241455
0,0772139143025637
0,111337495240974
0,106711649489817
0,112101792692905
0,0494507613461051
0,00425283772977022
0,0137265539633537
0,107026309703323
0,0364840422307266
0,0931279909567461
0,0477261194565681
0,0219824413702652
0,0292446786981476
0,0294979950084807
0,073029908245909
0,0395655501818124
0,0672877852652631
0,0771964572729526
0,0612125848705008
0,0795497696751495
0,0843540268368958
0,0866759465205771
0,0727770269667002
0,0864059973542103
0,121507785715664
0,033003125866807
0,0686115833793027
0,101210436357156
0,10269533749891
0,0561652206141024
0,0287663661459844
0,119912455410604
0,0506589344338069
0,0969145088643396
0,108482160081492
0,0796823957512609
0,0971459962731976
0,0888000697731504
0,140534677951994
0,0916395153709103
0,0659378043719276
0,117869324765167
0,113691247725191
0,00835598726214654
0,0994409370233495
0,00959049733802234
0,0122522242889983
0,0834428833720474
0,0274020993278372
0,0206743717289876
0,0663899813113844
0,0980864349212779
0,104990875941638
0,0770564092877219
0,0570688234757643
0,111442270191715
0,0565025544978796
0,0407363097117336
0,0300108614877093
0,0557486388735471
0,0902445794369462
0,0537954997854789
0,14083502627291
0,121526887876866
0,103739277441633
0,0585906224825045
0,11474891741656
0,0849082228109438
0,0935564712841793
0,048969164399194
0,102730807553027
0,0390245591898929
0,106165063224997
0,0191619604915203
0,0485725415165408
0,0890569543415014
0,0954044974853306
0,0432936329130519
0,0477349182813125
0,0591540542240972
0,00845838825483494
0,0909876385023677
0,0782741971454075
0,114419708060769
0,124046818604303
0,0208687600091657
0,000542944748712641
0,0799830872969164
0,0589436998617813
0,113540598475346
0,0659518905560569
0,0826661868589429
0,0856537643327297
0,106615565040969
0,118446832220694
0,0273112772819015
0,00806592411885472
0,0263820499459387
0,0585648348875807
0,0719451685732823
0,0194999284773313
0,0696548622255844
0,0529044873658559
0,0180587102743139
0,0460199655713606
0,0420618922179853
0,00691496217945356
0,0648051973268414
0,0871234902586432
0,0268929259511144
0,0971335590103632
0,106407300218515
0,0963576586839934
0,0878743795064823
0,0538863952584924
0,0726235008727391
0,0362708183678287
0,011984647720751
0,0845831485030134
0,0709772942494328
0,0663626500031231
0,0352685743526601
0,0195372637934142
0,0598470787177221
0,0745429625684128
0,0234670078704257
0,060903571432908
-0,00629256437840132
0,00877591951933892
0,013723721730718
0,0741078919403449
0,077455187723522
0,10086452860934
0,0870594857665987
0,0400304661318802
0,0385005975787065
0,047445445762689
0,0503106947291227
0,0331012519230606
0,0508511794502154
0,00415165319658915
0,043392642226657
0,109999727221733
0,0280598776762963
0,104573238544197
0,0219594728433605
0,0528017498674716
0,0829472163836487
0,0409803193813921
0,0353096834158482
0,0960973936281269
0,00679068343937638
0,0477296854495193
0,00432556438683244
0,0139104920785455
-0,0119322372228134
0,0397551563285544
0,0606416115946905
0,0245991033321223
0,00656609983695712
0,0696883844977232
0,0993794292615532
0,0495786639803888
0,0651748104790108
0,0440490646027257
0,0195415091791849
0,00754994401128494
0,0981824477194727
0,0184081424579062
0,0942730637706225
0,0281784640704394
0,0934195865016387
0,0884235689674304
0,0336762569090495
0,0573548917761617
0,108120906703841
0,0362386312940019
0,105486084745677
0,0833443774237816
0,0723574711269725
0,0936716872817136
0,00897468666621029
0,0880763006296826
0,0115646554440459
0,0323821582433129
0,0566269822223552
0,0154920139759361
0,0892331792964266
0,0669070691518608
0,0496916687190001
0,0935024504124128
0,0840207085319029
0,0314756469552047
0,0298014002525254
0,0906263345808845
0,0163168366143093
0,000704356516108083
0,0246244880951124
0,0707022926633723
0,0733681208330058
0,0182346181511321
0,0540440710498957
0,0659621305184501
0,0574051287170618
0,117247251394373
0,0259278458583595
0,0586432998918299
0,0465958098316509
0,0765852564545433
0,0262707430808146
0,076161748501508
0,0554896336320363
0,0948912680359891
0,0612854052979122
0,00477191682770679
0,0340713643372207
0,0029566832414443
0,0401224850848113
0,0434044471522684
0,0760348673100187
0,092363255420874
0,0250936308389488
0,0378811193829735
0,0839571440052042
0,00895401034921129
0,0436931057105274
0,0647567007992215
0,0384981056388924
0,0264673136297927
0,0197620678319419
0,101332538710059
0,102012233666759
0,0236312309100182
0,113589922215253
0,0776019414572635
0,0715608448978938
0,0600080389282494
0,0530386849199044
0,00759695216153944
0,0211898056402861
0,0352919785002381
0,0826242167546779
0,0127340997628969
0,0388578424935387
0,0563645973375136
0,0149854590963557
0,0856445125049351
0,0682104637231753
0,030307084373094
0,0410247165761253
0,00721397304830496
0,0698094439929082
0,0916128319560297
0,0046847542304009
0,0768019803691665
0,0900946929539063
0,0123002011851874
0,0731251424984658
0,0279552485924006
0,0541682160246038
0,0402099328302825
0,098014723648324
0,00868118871407639
0,0586662979626738
0,0363874414316462
0,083251694139941
0,0368429802989026
0,0995367718322206
0,007580083805959
0,0597542524616021
0,00461389459884441
0,0578424037237849
0,0239444313181504
0,00948656383452449
0,0280913488419297
0,0110757123054207
0,0155568929179683
0,00592712179161759
0,033393419149419
0,083189811688843
0,0609478123249469
0,00564832792141134
0,0160257602520697
0,0897192055311609
0,00931154089482107
0,0275576363911655
0,00836187666671438
0,0185747942973742
0,0209174209371756
0,0641903745775066
0,0352176428936504
0,0761391893849425
0,0200686573610029
0,0538884409022929
0,086132213001201
0,0435039732342139
0,0791456776574001
0,0602811634821264
0,00274607157462559
0,0699020405159807
0,0901391960168905
0,0840001295246185
0,0518130806981647
0,0627750512504834
0,03223493383695
0,0528095638876612
0,0454135191444674
0,0832345718905491
0,0801859126799674
0,0680627062768036
0,079149074796191
0,010193543280565
0,0417843511057013
0,0451005886984526
0,0934482370007076
0,0346755215593965
0,0820459217215171
0,0189619831829155
0,0427817694576372
0,00379934399565651
0,0743524354297446
0,0173853601409985
0,0780555762248372
0,0432188342526643
0,0245366095679517
0,0284747052139019
0,037773746362782
0,0698041895729509
0,0213916721853389
0,0809948683162196
0,0295935964349628
0,050664454675589
0,0993605863299969
0,0614387508767837
0,0927154638770574
0,0767198494992777
0,0537213305727212
0,0531937506763236
0,0575849920313736
0,0567034176814851
0,0822951977524418
0,0251273047761653
0,0383888816174068
0,052854714660372
0,0850412997813156
0,0250240996130854
0,0343548382792412
0,0749680686625503
0,0604402039015853
0,0514566914418045
0,0614580515126968
0,0601836944744846
0,0174993940244892
0,0989467275789691
0,0955496050862361
0,072753835875892
0,00594455329978119
0,00859424644550041
0,0382384416825317
0,00365950828588545
0,014834376850554
0,0754582490657727
0,0618428997052102
0,0991910443637478
0,0384691098418409
0,028484620120602
0,0108329569505681
0,0803456002289176
0,0523851248213952
0,0167283875014299
0,0809541909866753
0,0288521710451935
0,0613769911515419
0,0860783517761521
0,0215041462432147
0,0492251306535793
0,0789964785235917
0,0252008615644653
0,0581775344713486
0,0995125099548663
0,0941198669346608
0,0628056777002316
0,00936398567136563
0,0699349807435344
0,0195368168035228
0,0694099019604781
0,0331650606510998
0,000413858751027779
0,0658891457905477
0,0199616280011654
0,0707752961994965
0,0451270841272208
0,0149553089937918
0,0539254837454881
0,0418690408309312
0,00683694868666909
0,0632844050709551
0,039197837253659
0,0143856048185311
0,0565566796607136
0,0141911426625173
0,0540092380503236
0,0225829438411551
0,0437118164001553
0,0705025004551292
0,0326058804675033
0,0988067033229427
0,0314210422483371
0,0774425813357544
0,0463244744326568
0,0937573573523003
0,0807436917353159
0,0504167119741518
0,0387259317276654
0,00953964135122469
0,0520286991503223
0,0660942633944071
0,0919079189616758
0,079654227560225
0,0690592078813627
0,0953195594695022
0,0104190981995403
0,0144564544383699
0,0324234968202298
0,0459530913019334
0,0358271068594545
0,0138968620514017
0,00745150740605384
0,0442093109452209
0,0146671975565456
0,0859407255826242
0,0397986412699328
0,0108152567459341
0,00162085481063503
0,0853213672923489
0,0401106288843372
0,0402227338590765
0,0656521692712103
0,0994324802884052
0,0869309363360195
0,0706031986375354
0,00174401840276272
0,0229712774152734
0,0195646713578909
0,0262042706488652
0,0900316044641806
0,0947103721530691
0,0762293772661264
0,0443858423942634
0,0898403416806089
0,040742685292262
0,0713764861092793
0,0595436096934339
0,0453263969371684
0,0612371201912114
0,003772044462977
0,0395527836119536
0,0901594470209253
0,0977587250982219
0,0346753935956747
0,0187090184161016
0,0913551959168889
0,0872117313031162
0,0627753837792088
0,0603837488500326
0,0539587160823675
0,0699284349893818
0,0487958571635167
0,0534045644353165
0,0694290124668875
0,0118059652912458
0,000442094123196832
0,0924754386732706
0,0927232912242055
0,0984560092438273
0,0935755410667395
0,087447820784267
0,094891783080479
0,00621922617136465
0,0559214868377529
0,0411167347063854
0,0376674847852753
0,0630656650117904
0,0543689692646121
0,0739245122642836
0,0145642394733449
0,0802550315764989
0,0654888598087658
0,0403837346194236
0,0815493228293719
0,000557845272383581
0,0500632868381512
0,0678934441729884
0,0647570866927305
0,0682219179199179
0,0792480027206466
0,0145322870996465
