0,00593601516724379
0,0403221100756536
0,0127865843068746
0,0846643705315256
0,0636285396123438
0,0409947202731831
0,0150699125673016
0,0506988088370761
0,091036443780659
0,084347416732622
0,0714566742402765
0,0751034272253064
0,027469274740419
0,0786657020350293
0,0256014509711421
0,0210279647358823
0,0375946316577469
0,0974721914611162
0,0825570066378252
0,00279275458436122
0,025363791699225
0,0765843808076272
0,0997556795830632
0,0574947092484192
0,0747249801991158
0,0043300863841223
0,0655670018706317
0,0303414840858157
0,0148688718745806
0,0260169717604373
0,0153246554151758
0,0158264929968056
0,0870336689925909
0,0279153016525858
0,0029638770050201
0,00239810347668738
0,0566899723171675
0,0493406383550449
0,0436165264545085
0,0446515180844122
0,0694662656027201
0,0814317645884267
0,0643240759448726
0,0402808163036969
0,0709321137847994
0,090926637356601
0,040278000356759
0,00108251008255524
0,0904280920934063
0,000666046049756019
0,0340704897577271
0,0419448745632287
0,0777574351885158
0,0750269311829596
0,0208270391080654
0,0293516343596166
0,0405664304925904
0,0552918750584553
0,00993939033240983
0,0592984532282215
0,0754277184025514
0,0847284284814859
0,0358299369624955
0,0650194720202216
0,0690227613174463
0,055630181243471
0,0880697582327154
0,0995539730878332
0,0757018250300092
0,0232033474944548
0,0643379924187148
0,088253993302702
0,0538556650066076
0,037905488553413
0,0333264889816411
0,0439320271107983
0,0122603048627546
0,0594748632793663
0,0865625954636198
0,0837983428425148
0,0640520860273634
0,0644844917880765
0,0399133919924094
0,0142028258248245
0,0919464820027102
0,073379780851947
0,0380690578082898
0,0120067378096314
0,00708826254452032
0,0736122426454035
0,061831672984097
0,00139809725871221
0,0394012480226351
0,0843180732262871
0,0692237996818609
0,0847378371212342
0,0456018276259312
0,099304603924651
0,0712580549862506
0,0153019325413284
0,00285687912388559
0,0407240272689257
0,0253806850525461
0,0672247445989515
0,0363280536310412
0,0458164964550252
0,0880892095566211
0,0398519466351028
0,0417004422013184
0,0768950119972671
0,0170913294968621
0,0810915672132241
0,0687292795948355
0,026141047489895
0,0952463672008581
0,0109432266144749
0,0448150364890765
0,021627111137671
0,0730729900175114
0,0956429804654992
0,0175611234351812
0,076063020423084
0,0924657105433129
0,0020895823846057
0,0613716745103578
0,0629398951600026
0,0488527452800668
0,0695375917803206
0,0686816888715521
0,0485886518604069
0,0983301994848671
0,0129557009381036
0,0882168082931157
0,0712606629222914
0,0809414637186292
0,0233280587584377
0,0391038067355304
0,0726886473934579
0,0778747721937833
0,0461299855476851
0,0852905712953259
0,098217111173187
0,070306295608313
0,0301932505472532
0,0565209131485414
0,080740105770873
0,0326688176638767
0,0132602005327401
0,0890717060254289
0,058280573067386
0,0399228006321577
0,0239747164882602
0,0262316139071396
0,0756150745207514
0,0977408091061473
0,0267938587008016
0,0482583167256128
0,0232911026679404
0,00585307008859379
0,0733881584710386
0,0969637511749583
0,0185516177763006
0,0711702577635507
0,0931117903409115
0,0785648125124
0,00413562855875847
0,0928747589201083
0,0974686166725441
0,0451995837712659
0,0719183084424205
0,0718394198789445
0,0721263890956186
0,0437523389438877
0,0269430044698264
0,0103524091701733
0,0193440122619942
0,00575672481477108
0,0622724599960598
0,0455686692360643
0,0806315687394848
0,0302710774961259
0,0355925447473268
0,0804658857548916
0,0104011158041661
0,00866585122824919
0,074355482996607
0,086724087030964
0,0126017337723643
0,0735198538161441
0,0541476050178276
0,0750697420328249
0,01581270406759
0,0668355773048641
0,00448661372274468
0,0491662343727268
0,0667389535190253
0,0270468534096362
0,0771945052674015
0,0516284380348532
0,052385284589783
0,0876810031941707
0,034094139051769
0,0668623829936135
0,0171533975830085
0,0864411531884415
0,0677964115365392
0,0802223775443725
0,0992886094373132
0,0652626653505781
0,0783967968441531
0,0210371338860305
0,085985856729553
0,0777224334318761
0,025221501349109
0,0431170809749128
0,0613712064276315
0,038085732021409
0,0607691419593846
0,0844265819660917
0,0041319009295103
0,0172988993575101
0,0801327886786943
0,0238120270964901
0,0909477794225233
0,0967983199422963
0,0559958264906256
0,00560440393010026
0,039853985887331
0,0786101606712269
0,0446855596355822
0,0924197491931429
0,0284919784654417
0,0104410470952568
0,0941519318243519
0,0932629782020688
0,0950459403668522
0,0675319279858525
0,0633124881718831
0,0239599626157246
0,04086943969171
0,0941331054522344
0,0874354775936508
0,0473390684217862
0,095123056971991
0,0331104711317972
0,0890838853032719
0,0382908610582875
0,0449861087258002
0,0614957833834851
0,08847128755224
0,0287099161278595
0,0664674676056986
0,0928962871941856
0,0479785328143103
0,0359615321047345
0,00908270398909667
0,0128127042011818
0,0787694260365504
0,0230704064746182
0,0321325851778132
0,0634538612383704
0,0409695056383863
0,021426952679787
0,0299286676618625
0,0942219297936836
0,0929346564021523
0,0753418347683464
0,0845390487855948
0,0324552794603888
0,0480462044701195
0,093839278441779
0,0747732438495258
0,03680917934366
0,0448076471335176
0,0122307325605485
0,0325994810246695
0,0389718550026138
0,0463651958719104
0,0636011582727496
0,0134937411939647
0,019523040237996
0,0658572353006079
0,0807308960955903
0,0943324928780435
0,020198102311202
0,0289749339705626
0,0381595196074449
0,0673122306603718
0,0621805943866086
0,0886905326345934
0,0877530172024871
0,0927213178977038
0,0523063915620232
0,109427337588588
0,0924014264630082
0,064322506968164
0,0659236382534372
0,0256898587223561
0,00902341898019585
0,0406355567931363
0,0137420505349254
0,0535512218501192
0,00915879649536628
0,0179401321998336
0,0999702751703287
0,0596304756124068
0,0468319529623043
0,0756135664410575
0,0432135144625634
0,00963654332384508
0,0797326554389871
0,0881433632440528
0,0256256134773781
0,0187522861618758
0,0170763073513181
0,103428938143059
0,066240648762567
0,0357419351152619
0,0108939983889644
0,0650960800972569
0,0618861279728918
0,0141203992058796
0,0429137068372991
0,0730195070134813
0,0849671643226527
0,0237452091872684
0,0317655868510555
0,0432636541050224
0,065212659475027
0,0568997709345537
0,0640524256807065
0,0072440980036017
0,0198022869042132
0,0219549790837048
0,101066028186056
0,0709800576294404
0,0775290247127904
0,0930918099221333
0,0997907413698369
0,0666659796447065
0,103008856711297
0,0925966182215156
0,0346040422561667
0,0602705488214225
0,0184895340693275
0,011031053768183
0,0742063241248877
0,0310718762286018
0,0854127628728068
0,0848597985542215
0,0942944330510985
0,0413567941208402
0,0419120632913936
0,0762426286388948
0,102470842951997
0,0241246790081316
0,0272218146488172
0,061877417220677
0,0490965621774535
0,0906397610393538
0,022114390797035
0,0862048780015693
0,0839594072587599
0,0852854877746211
0,0466268163351391
0,0748947803526551
0,0878300687384347
0,0316297999312069
0,0390368190187138
0,0668975383719555
0,0531608992715285
0,106038500493164
0,0430340859249745
0,0516769440248444
0,0718989290519523
0,0793737355957017
0,0871682159319858
0,0720964894682643
0,0383788727514678
0,069440536164782
0,0435434871393197
0,0127927689728656
0,0831143845352912
0,104124204974874
0,0822655347468112
0,0523978266836684
0,0882432148271442
0,0708590585137061
0,0333316549813988
0,0923975013626728
0,0371634086767041
0,0926405221189561
0,0154763020181452
0,0104541761945601
0,0445428756220771
0,0188494896949356
0,0303836662682582
0,0923096676001273
0,0522956572569305
0,0633905212883256
0,0504489518988993
0,0824038049535313
0,0208504306172035
0,0428352500231517
0,0515747433962094
0,108070544513258
0,107813482071649
0,0827593298147223
0,102774704924187
0,0362658298598967
0,0381804969024724
0,0709719008644956
0,0474048665859928
0,109128000239611
0,083378399052291
0,0417370991802714
0,0240087569337379
0,0982817238188729
0,0136593358654805
0,0112863688316598
0,079171052146317
0,0917643868326044
0,0684295245764915
0,0312201870513228
0,0157868131881848
0,0650080880408606
0,117308228710806
0,0867299150243507
0,0406886402848343
0,068360394278737
0,0814343480773285
0,0574913954789913
0,0753582469392803
0,110699728200882
0,0460966303857324
0,0865993780636343
0,113689822772473
0,0616921744243696
0,0891152106375718
0,115157432600451
0,0655758932612266
0,0490986304235118
0,11991790898448
0,0556028839085678
0,110429339465213
0,112406783522703
0,0675289489643317
0,0292127998216137
0,0466062994425214
0,0181495548310455
0,0863372803602076
0,00440045558121077
0,0317795796002166
0,00608050909595448
0,0691166978752315
0,0591709249382992
0,0436209449282311
0,138181283198885
0,0472531447537893
0,101382610497628
0,0264096608537217
0,0890847032723004
0,0859718132961331
0,0550292680954096
0,0817203233170071
0,123374394696277
0,141017456780426
0,0769767281375282
0,103237221999809
0,13244421363986
0,0658897133125189
0,126122779084819
0,0790493639320141
0,0770322694708233
0,114539012089203
0,0911118077452346
0,00631928141523119
0,0490524911550118
0,0491127536395158
0,0278703214264802
0,0841414534878644
0,0537984938145608
0,0835115734876653
0,0935290187531533
0,0724322696020188
0,0722050658803763
0,0472434091188319
0,100928938780274
0,0529406164076416
0,0951011363250802
0,0802145821801285
0,0271527965486029
0,0321952195036893
0,100797860388707
0,113687801505432
0,111015188032493
0,0879446379580954
0,080854064180041
0,094675100215201
0,0222651148807461
0,105820600857507
0,0482626062815044
0,0910732691443291
0,0820438902260222
0,109246784432776
0,114008879937807
0,0565723637382371
0,0932756237654368
0,0204634194357616
0,0996102146336856
0,040686592525191
0,052212964302028
0,0367172156631561
0,0990840359522686
0,105982372554436
0,0699493022008417
0,118619685437559
0,118626601464421
0,089922874838453
0,0997716497771597
0,0840767296960482
0,0575081964102002
0,0310924061340365
0,113693888137248
0,0629101638194671
0,0483168116232274
0,0982880524959332
0,0851033780998371
0,0743099217215771
0,0197169610003718
0,017178263386614
0,0546084615508897
0,0955212957831356
0,070800709408409
0,0470991685299124
0,0591730996855489
0,0867863969815832
0,0335203573729472
0,00181196206333673
0,0752960773069859
0,00636467556765521
0,0157407735082045
0,039406976122133
0,034864596047511
0,0432594522495642
0,0284705278937168
0,0934834023384335
0,0426416015431808
0,0822090217831962
0,0226914036591203
0,0897170801645051
0,0852465381523858
0,105844894211944
0,102494676895259
0,0456227410015969
0,0657602709475004
0,0443131167880681
0,0890527168949037
0,0198202470948178
0,0642021573932528
0,0112137534472167
0,0859680945016184
0,0444379547694246
0,024063725845766
0,0853814928985499
0,0983940708032909
0,0759203798956798
0,09001746652183
0,0561101657134062
0,0513526936766471
0,0680322131924481
0,0517396327349076
0,0764440502396058
0,0947054840712186
0,08365721555246
0,0610329005971796
0,112320766101436
0,0968479130796435
0,0658178487996241
0,0420004812357519
0,0755621127902625
0,0868278050792803
0,0195691027682752
0,0636222887136508
0,0465402235105551
0,0549653018524989
0,0761689109974331
0,0983681820034285
0,0218152854152848
0,093502603562797
0,0254601085495388
0,0168736536799748
0,0383209441099115
0,0547216209358629
0,0715672924104697
0,0400433046468411
0,0944308295354391
0,037462592934008
0,0467321920426247
0,0487886313110537
0,0327660491842618
0,0767834409963263
0,0568907046955501
0,0207518976856547
0,0497175138314613
0,030539024421799
0,112598141173757
0,120623872692283
0,0335882643412358
0,102469179680901
0,0698610030157102
0,0634928266030211
0,0328419745399418
0,0874172440087128
0,100252241604432
0,0335970620985672
0,0695871039399519
0,0709474807685894
0,0716465113217114
0,0483795093291415
0,0319323078831833
0,0956904303991618
0,0838415949209223
0,0752354825193417
0,0375662540655562
0,0630241175344983
0,0324948015308449
0,0333633294018746
0,0187310360924951
0,0465949910909845
0,0554062596780277
0,0565136695543833
0,0248563004307711
0,104601617589948
0,0970332940349029
0,0846508614893807
0,0301281337046283
0,115027298936668
0,0314249655624698
0,0199679254843008
0,0537814829042893
0,0676566564504626
0,075255578053572
0,0226815944742917
0,0191774792637459
0,0530104178919944
0,0756626913336532
0,0365532999965771
0,0506671051299647
0,046576973033781
0,0720923437279458
0,0350949697175554
0,0777526604984048
0,00969386233868822
0,0264420425963025
0,0440182888008912
0,0966305818393038
0,0824232898105044
0,0784725878753106
0,0805733173529493
0,0925034601206442
0,0600383479427725
0,0790099166235933
0,0651694164914868
0,031591792885024
0,00593223395102296
0,0435469138927212
0,0372815107459477
0,0929230363583137
0,0131835918786228
0,0116279504109161
0,0648906766430749
0,0445053687992065
0,043380361117134
0,0840485624429065
0,0546587770080535
0,0133809079250663
0,0577998287756812
0,0561835985187734
0,0875619512048505
0,0917422193691237
0,000715188602697104
0,0878286081220661
0,0766905431426349
0,0780731510684134
0,0220366838232734
0,0792143179472602
0,0151435274701303
0,073502625559225
0,0502047773684397
0,0877351648582775
0,0352965821676406
0,018832639799841
0,0359852438960156
0,0242794200891067
0,0929325086963049
0,088524388889095
0,0102789409506502
0,0912747619167318
0,0132646133719313
0,0129848450482752
0,0387131432717262
0,0390155122797077
0,0322823604719166
0,0304218028813702
0,00361778154206359
0,0888615306880612
0,033873646217305
0,0255735219723663
0,0716420340098122
0,0307991768842559
0,0393442774840371
0,027152722248413
0,0917194481900518
0,0892823857671034
0,0920072244908694
0,0721736858469312
0,00230866801101187
0,0870909126881002
0,00955243269426396
0,0267179160037627
0,0227809936845587
0,0596074349058827
0,0427782762529227
0,0254811419758392
0,0763114024309029
0,0460660659456933
0,00852012490319094
0,0191009410280273
0,0911160537466016
0,0662477488006687
0,00298031647828422
0,0660115424385348
0,0420059541901601
0,0737682946369836
0,0525777883141198
0,061480723350067
0,0555823016239248
0,0462794457312112
0,074460722261323
0,0331778295026989
0,0452953274572712
0,0894793169523959
0,00179257514038709
0,0194056004841838
0,0483908873742404
0,00814385991922759
0,0271131916097892
0,0467028581289122
0,0322721955982373
0,0207588228493737
0,0862157208780831
0,02318802826255
0,0817223292224679
0,0865466973681686
0,0902038513637166
0,0791057083658435
0,096237236026785
0,00680121849607733
0,0541104004504673
0,0575517155963703
0,0803414057848702
0,0148180494619617
0,0345481567711328
0,0054623016181692
0,0278188604059717
0,0733327350455023
0,0851467680582529
0,0179511535530682
0,0367045974529835
0,0305265011408024
0,0165913842230064
0,0560292222798007
0,0126301904267772
0,0763746031915651
0,0814225885464915
0,0333016767321628
0,0578148597654956
0,0233726757687389
0,0770902546015988
0,0681675425116753
0,0189528743359041
0,0618172667742787
0,08682874542979
0,0703572308972279
0,0800320279225856
0,0797922882157342
0,0842892132160669
0,0554592568219915
0,083564443273267
0,0734720799482763
0,065243487323282
0,0487810831278474
0,0921690452807439
0,0169090066649527
0,0528364237178287
0,0304772779953095
0,0549311601812631
0,0963302735222179
0,0915867400782121
0,0750581523287381
0,0229970918609747
0,009162038056721
0,00999826067592868
0,00174569445743491
0,00416743862636734
0,0301864985982825
0,0105578378357728
0,00534772603090281
0,00512410882167709
0,0569021746315538
0,0212908486003479
0,0728645602580461
0,0297109638944785
0,085942857938792
0,0385988412604662
0,0185241390105915
0,0279893040321718
0,0641909258739049
0,0254302736955836
0,0480265721902375
0,0890435218294354
0,0296875112362614
0,0343867102798013
0,0632325175047072
0,0652830138175204
0,0678103010951589
0,0638601769990568
0,0957211837618245
0,0235381794737364
0,050945310551182
0,0783705165508997
0,0614845862432777
0,0317859356905268
0,00203210227286075
0,0451704506507006
0,00979083627918309
0,0518190060983501
0,0850830509723551
0,0661897922708605
0,0498455293243032
0,0692344503799614
0,0789414871851641
0,0503351480003144
0,0266622686417132
0,0521812313479284
0,092378927065236
0,019070119233369
0,00622618734195185
0,0783101654044865
0,0343122847072372
0,0024879739631377
0,0907402343073581
0,0708999998266343
0,0435601678879746
0,0860146304993027
0,0933095806247134
0,0747753277769197
0,0467657431712215
0,0364626806399145
0,0363571375312084
0,0663263215992257
0,0148366540739483
0,0818095465571664
0,0541787982704951
0,0785316580806541
0,0598062623570702
0,0410786245675192
0,0276788616216177
0,0407724072880914
0,0288080049812831
0,0667051329122414
0,0429062530598167
0,0980011336030444
0,0755847443712804
0,0787921218102761
0,0101020346442713
0,0793523632359469
0,00772444163808806
0,0110512861567788
0,0729040867522844
0,04874018186179
0,0576339896571049
0,0174110183573379
0,0892258947664992
0,0484573365880443
0,0876302822435416
0,0905845864166434
0,0882257678025522
0,016017471773558
0,0518608700259872
0,0350155085022634
0,00505326292712859
0,0486203703324405
0,0298326547396521
0,0835192077250775
0,054397796306013
0,0971319406279977
0,0961563497298194
0,0481306105610591
